# The six-dimensional phase space data in the global Cartesian coordinates
# Part. ID    x [mm]       beta_x*gamma       y [mm]      beta_y*gamma        z [mm]      beta_z*gamma
ID0 2.13000000e+03 -1.74000000e-04 6.93889390e-18 3.99201857e-01 0.00000000e+00 0.00000000e+00
ID1 2.12520657e+03 -1.74000000e-04 -7.81826369e-02 3.99201857e-01 -3.52955892e-02 0.00000000e+00
ID0 2.03954521e+03 -1.43875438e-01 3.98505606e+02 3.72373483e-01 -3.46390939e-17 5.88836211e-22
ID1 2.03478226e+03 -1.43611568e-01 3.98444059e+02 3.72476663e-01 -3.43750993e-02 2.14143724e-06
ID0 1.88516488e+03 -1.52366717e-01 7.79894978e+02 3.68980401e-01 -6.87620969e-18 6.07083866e-22
ID1 1.88074211e+03 -1.52011853e-01 7.79973544e+02 3.69130998e-01 -3.21344951e-02 2.14583643e-06
ID0 1.72460976e+03 -1.61819457e-01 1.16027456e+03 3.66801189e-01 -3.46288443e-17 6.66014672e-22
ID1 1.72051958e+03 -1.61588842e-01 1.16050639e+03 3.66906006e-01 -2.99378807e-02 2.22470858e-06
ID0 1.50581615e+03 -2.83504321e-01 1.50716948e+03 2.83467721e-01 -5.86375035e-17 3.41333092e-21
ID1 1.50134395e+03 -2.84057138e-01 1.50712126e+03 2.82924522e-01 -2.66613431e-02 3.75513242e-06
ID0 1.15900039e+03 -3.66185224e-01 1.72618309e+03 1.63208549e-01 -5.48230228e-17 6.75740549e-21
ID1 1.15426527e+03 -3.65927687e-01 1.72583091e+03 1.63817831e-01 -2.21503998e-02 5.20118662e-06
ID0 7.79222297e+02 -3.69764465e-01 1.88838852e+03 1.54928659e-01 -5.48134499e-17 6.76449090e-21
ID1 7.74817554e+02 -3.69428611e-01 1.88884526e+03 1.55777007e-01 -1.67682697e-02 5.21655805e-06
ID0 3.97221413e+02 -3.73302072e-01 2.04528580e+03 1.46199219e-01 -5.82701312e-17 6.95515330e-21
ID1 3.93129556e+02 -3.73098317e-01 2.04655200e+03 1.46786609e-01 -1.13952954e-02 5.27544090e-06
ID0 -2.62724797e+00 -4.00909718e-01 2.13636742e+03 2.15703529e-04 -5.01107875e-17 1.03925866e-20
ID1 -6.82929152e+00 -4.00939094e-01 2.13698647e+03 -8.79883110e-04 -5.58224066e-03 5.82758744e-06
ID0 -4.02822616e+02 -3.74518761e-01 2.04636479e+03 -1.43053650e-01 -3.48953206e-17 1.28373788e-20
ID1 -4.06969077e+02 -3.74736551e-01 2.04634500e+03 -1.42578105e-01 5.05740285e-04 5.97483492e-06
ID0 -7.86247602e+02 -3.71190361e-01 1.89297895e+03 -1.51480575e-01 -2.72983663e-17 1.28549105e-20
ID1 -7.90690882e+02 -3.71510368e-01 1.89361607e+03 -1.50793846e-01 6.65023434e-03 5.94225559e-06
ID0 -1.16866821e+03 -3.68950924e-01 1.73335483e+03 -1.61183460e-01 -1.42848042e-17 1.29129396e-20
ID1 -1.17343142e+03 -3.69194050e-01 1.73463028e+03 -1.60732438e-01 1.27424920e-02 5.84427212e-06
ID0 -1.51720838e+03 -2.85096127e-01 1.51440019e+03 -2.84297538e-01 1.87101710e-17 1.32166277e-20
ID1 -1.52171409e+03 -2.84569376e-01 1.51527940e+03 -2.84887575e-01 1.81958903e-02 4.98421225e-06
ID0 -1.73766099e+03 -1.64486693e-01 1.16670645e+03 -3.67490163e-01 1.51979439e-17 1.28004060e-20
ID1 -1.74173094e+03 -1.64476603e-01 1.16723032e+03 -3.67544380e-01 2.28344003e-02 3.68843234e-06
ID0 -1.90098724e+03 -1.56021827e-01 7.85761353e+02 -3.70937772e-01 3.25445728e-17 1.28212837e-20
ID1 -1.90510094e+03 -1.56081664e-01 7.86260067e+02 -3.70957985e-01 2.65821273e-02 3.64640569e-06
ID0 -2.05892834e+03 -1.47345038e-01 4.02746743e+02 -3.74469066e-01 4.29344383e-17 1.25883128e-20
ID1 -2.06308717e+03 -1.47357794e-01 4.03223963e+02 -3.74509181e-01 3.03202957e-02 3.48798903e-06
ID0 -2.15166553e+03 -1.99597431e-03 1.87594603e+00 -4.02409813e-01 3.57823029e-17 1.05267360e-20
ID1 -2.15572480e+03 -1.87981414e-03 2.29613172e+00 -4.02452109e-01 3.26826706e-02 1.68842573e-06
ID0 -2.06261756e+03 1.44164280e-01 -3.99804201e+02 -3.75705073e-01 -5.86846180e-18 1.04092159e-20
ID1 -2.06646783e+03 1.44684602e-01 -3.99359874e+02 -3.75548606e-01 3.36821120e-02 -3.61791008e-07
ID0 -1.90778609e+03 1.53097236e-01 -7.84085878e+02 -3.72154373e-01 -7.52555136e-17 1.04076122e-20
ID1 -1.91102822e+03 1.53716008e-01 -7.83433935e+02 -3.71941635e-01 3.32135497e-02 -4.48541805e-07
ID0 -1.74669892e+03 1.62383089e-01 -1.16729926e+03 -3.70077503e-01 -9.60430944e-17 1.08071421e-20
ID1 -1.74934019e+03 1.62884377e-01 -1.16642229e+03 -3.69900796e-01 3.27478945e-02 -5.79556391e-07
ID0 -1.52845835e+03 2.83422662e-01 -1.51799586e+03 -2.88092383e-01 -9.55314651e-17 1.57796531e-20
ID1 -1.53114502e+03 2.83197854e-01 -1.51722417e+03 -2.88366357e-01 3.09429017e-02 -2.36840823e-06
ID0 -1.18070680e+03 3.69386392e-01 -1.74057070e+03 -1.63949137e-01 -1.15592194e-16 2.32735090e-20
ID1 -1.18345380e+03 3.69676628e-01 -1.73988850e+03 -1.63377632e-01 2.78586107e-02 -4.18567273e-06
ID0 -7.97797835e+02 3.73306926e-01 -1.90271299e+03 -1.54814616e-01 -1.25942628e-16 2.35736550e-20
ID1 -8.00206657e+02 3.73650386e-01 -1.90130059e+03 -1.54059285e-01 2.34551739e-02 -4.28870259e-06
ID0 -4.12639013e+02 3.76590036e-01 -2.05944137e+03 -1.46647779e-01 -8.77507875e-17 2.39474163e-20
ID1 -4.14720579e+02 3.76854512e-01 -2.05728394e+03 -1.46029651e-01 1.90249305e-02 -4.39879235e-06
ID0 -1.04513350e+01 4.04112452e-01 -2.15377564e+03 -4.33035724e-03 -6.99629205e-17 2.82162667e-20
ID1 -1.24909345e+01 4.04123820e-01 -2.15167024e+03 -4.66062353e-03 1.38186000e-02 -5.42232019e-06
ID0 3.92952360e+02 3.77089651e-01 -2.06600410e+03 1.45358252e-01 -2.18851258e-18 2.93166753e-20
ID1 3.90931258e+02 3.76978620e-01 -2.06404701e+03 1.45668155e-01 7.96830260e-03 -6.11100350e-06
ID0 7.78265503e+02 3.73324543e-01 -1.90966195e+03 1.54772127e-01 2.12329214e-17 2.93361851e-20
ID1 7.76091920e+02 3.73162299e-01 -1.90731891e+03 1.55166675e-01 1.61058964e-03 -6.25402529e-06
ID0 1.16245556e+03 3.71322545e-01 -1.74702719e+03 1.63807181e-01 4.98408506e-17 2.91594427e-20
ID1 1.16010957e+03 3.71159194e-01 -1.74429287e+03 1.64156964e-01 -4.89032703e-03 -6.38393172e-06
ID0 1.51465639e+03 2.89877940e-01 -1.52825138e+03 2.84049300e-01 7.20745531e-17 2.60383806e-20
ID1 1.51216387e+03 2.89697909e-01 -1.52528885e+03 2.84217154e-01 -1.12266165e-02 -5.98293412e-06
ID0 1.73869988e+03 1.65232662e-01 -1.17966364e+03 3.70690426e-01 9.40588094e-17 2.04055577e-20
ID1 1.73605252e+03 1.65332474e-01 -1.17659843e+03 3.70635741e-01 -1.70269678e-02 -5.00421544e-06
ID0 1.90206568e+03 1.56104310e-01 -7.95629309e+02 3.74626039e-01 1.40856318e-16 2.02262505e-20
ID1 1.89959558e+03 1.56303031e-01 -7.92646461e+02 3.74537391e-01 -2.21203201e-02 -4.95025742e-06
ID0 2.05998236e+03 1.47745450e-01 -4.09320533e+02 3.78000671e-01 1.72029518e-16 1.95248445e-20
ID1 2.05768846e+03 1.47824089e-01 -4.06412919e+02 3.77969173e-01 -2.71984062e-02 -4.81990250e-06
ID0 2.15410979e+03 3.40809281e-03 -5.59342467e+00 4.05834461e-01 1.95160647e-16 8.26607582e-21
ID1 2.15121981e+03 2.53000557e-03 -2.58037531e+00 4.05845803e-01 -3.10714895e-02 -3.19375856e-06
ID0 2.06570802e+03 -1.44633898e-01 3.99295483e+02 3.79202137e-01 1.87068685e-16 -3.10514004e-21
ID1 2.06229417e+03 -1.44142167e-01 4.02251924e+02 3.79401337e-01 -3.36300266e-02 -1.23368179e-06
ID0 1.91048263e+03 -1.53687961e-01 7.86692100e+02 3.75623795e-01 1.93930307e-16 -3.46938146e-21
ID1 1.90775529e+03 -1.52963411e-01 7.89936810e+02 3.75937681e-01 -3.48229840e-02 -1.17168975e-06
ID0 1.74891819e+03 -1.63225671e-01 1.17298990e+03 3.73448503e-01 1.93863052e-16 -4.37715404e-21
ID1 1.74686328e+03 -1.62754662e-01 1.17655170e+03 3.73676990e-01 -3.60083787e-02 -9.75366373e-07
ID0 1.52863156e+03 -2.86478916e-01 1.52588850e+03 2.89890039e-01 1.85858050e-16 -1.47064869e-20
ID1 1.52602114e+03 -2.87288825e-01 1.52905887e+03 2.89122988e-01 -3.55539618e-02 1.12774805e-06
ID0 1.17823240e+03 -3.71718760e-01 1.75008542e+03 1.67127398e-01 2.12384845e-16 -2.68755991e-20
ID1 1.17519236e+03 -3.71540415e-01 1.75273332e+03 1.67591326e-01 -3.36340058e-02 3.16179885e-06
ID0 7.93474060e+02 -3.75528775e-01 1.91560208e+03 1.58381006e-01 2.19233115e-16 -2.73372619e-20
ID1 7.90688098e+02 -3.75266952e-01 1.91890486e+03 1.59077560e-01 -3.03085936e-02 3.22841037e-06
ID0 4.06407747e+02 -3.79117872e-01 2.07564740e+03 1.49586241e-01 2.01800537e-16 -2.84659939e-20
ID1 4.03866020e+02 -3.78962194e-01 2.07961017e+03 1.50067915e-01 -2.69671670e-02 3.41338075e-06
ID0 1.19576181e+00 -4.07554209e-01 2.16966333e+03 2.44352411e-03 1.72788452e-16 -4.05772438e-20
ID1 -1.43211571e+00 -4.07592134e-01 2.17318378e+03 1.67064999e-03 -2.23272318e-02 5.00172999e-06
ID0 -4.05092520e+02 -3.80907861e-01 2.08042060e+03 -1.44967603e-01 1.61408922e-16 -5.01959864e-20
ID1 -4.07665655e+02 -3.80962836e-01 2.08341134e+03 -1.44921736e-01 -1.67625423e-02 6.14204573e-06
ID0 -7.94029193e+02 -3.77348048e-01 1.92497688e+03 -1.53996281e-01 1.04083834e-16 -5.06260899e-20
ID1 -7.96684962e+02 -3.77442817e-01 1.92808982e+03 -1.53858583e-01 -1.03823682e-02 6.22588202e-06
ID0 -1.18185560e+03 -3.75156069e-01 1.76315968e+03 -1.63622641e-01 4.68159082e-17 -5.09476048e-20
ID1 -1.18460362e+03 -3.75238120e-01 1.76639916e+03 -1.63534856e-01 -3.96172474e-03 6.29866512e-06
ID0 -1.53626800e+03 -2.91534261e-01 1.54243263e+03 -2.87266809e-01 -1.15634075e-17 -5.24064708e-20
ID1 -1.53903615e+03 -2.91541623e-01 1.54564722e+03 -2.87316126e-01 2.63150747e-03 6.46490254e-06
ID0 -1.76149743e+03 -1.66941421e-01 1.19096896e+03 -3.73691058e-01 -5.88867367e-17 -4.96292191e-20
ID1 -1.76418617e+03 -1.66579747e-01 1.19410728e+03 -3.73894572e-01 9.16099393e-03 6.07118640e-06
ID0 -1.92641568e+03 -1.57782306e-01 8.04303936e+02 -3.77649558e-01 -1.38650163e-16 -4.94344770e-20
ID1 -1.92865462e+03 -1.57318488e-01 8.07215099e+02 -3.77882448e-01 1.53502379e-02 6.01005455e-06
ID0 -2.08578553e+03 -1.49265168e-01 4.15549300e+02 -3.80832599e-01 -2.37421669e-16 -4.80554636e-20
ID1 -2.08757354e+03 -1.48918553e-01 4.18244632e+02 -3.81000197e-01 2.14908235e-02 5.85465534e-06
ID0 -2.18113361e+03 -4.32276218e-03 9.21990248e+00 -4.09016959e-01 -3.01715754e-16 -3.22975750e-20
ID1 -2.18323040e+03 -4.90783387e-03 1.19269829e+01 -4.09037275e-01 2.65065140e-02 4.39449586e-06
ID0 -2.09268734e+03 1.46948007e-01 -3.98444181e+02 -3.81732684e-01 -3.37876645e-16 -1.21826772e-20
ID1 -2.09508943e+03 1.47492185e-01 -3.95784715e+02 -3.81546987e-01 3.04236473e-02 2.53932964e-06
ID0 -1.93480009e+03 1.56616448e-01 -7.87799083e+02 -3.77868823e-01 -3.27230222e-16 -1.07513658e-20
ID1 -1.93647791e+03 1.57375252e-01 -7.84863800e+02 -3.77572601e-01 3.28672217e-02 2.34742042e-06
ID0 -1.77052235e+03 1.65743093e-01 -1.17596472e+03 -3.75839432e-01 -4.38070056e-16 -8.42735379e-21
ID1 -1.77147727e+03 1.66318412e-01 -1.17272164e+03 -3.75598352e-01 3.52396397e-02 2.13643681e-06
ID0 -1.54979263e+03 2.86937440e-01 -1.53204250e+03 -2.93926789e-01 -4.90871204e-16 1.78572969e-20
ID1 -1.55096905e+03 2.86461083e-01 -1.52900060e+03 -2.94400357e-01 3.59684223e-02 -2.40966143e-08
ID0 -1.19799497e+03 3.75417151e-01 -1.75895552e+03 -1.66697373e-01 -5.22429884e-16 4.93700428e-20
ID1 -1.19941658e+03 3.75581005e-01 -1.75623100e+03 -1.66332530e-01 3.52055359e-02 -2.26261336e-06
ID0 -8.09614706e+02 3.79557307e-01 -1.92315492e+03 -1.57042358e-01 -4.38800271e-16 5.14910084e-20
ID1 -8.10820101e+02 3.79779693e-01 -1.91991660e+03 -1.56497727e-01 3.27156034e-02 -2.44614102e-06
ID0 -4.18919814e+02 3.82863965e-01 -2.08177610e+03 -1.48799314e-01 -3.55377864e-16 5.34754540e-20
ID1 -4.19912981e+02 3.83028531e-01 -2.07800446e+03 -1.48357962e-01 3.01749471e-02 -2.62521301e-06
ID0 -1.10538979e+01 4.10735758e-01 -2.17739881e+03 -4.71048997e-03 -2.84011207e-16 7.25519473e-20
ID1 -1.20333289e+01 4.10724556e-01 -2.17364160e+03 -4.89978902e-03 2.62865593e-02 -4.36797837e-06
ID0 3.98164788e+02 3.83496274e-01 -2.08901975e+03 1.47162019e-01 -2.44294860e-16 8.80504743e-20
ID1 3.97199278e+02 3.83502808e-01 -2.08539244e+03 1.47118348e-01 2.12962411e-02 -5.81448258e-06
ID0 7.89115159e+02 3.79663125e-01 -1.93103647e+03 1.56786362e-01 -1.36576852e-16 8.90243652e-20
ID1 7.88160844e+02 3.79675152e-01 -1.92745822e+03 1.56734852e-01 1.52356415e-02 -5.91547468e-06
ID0 1.17887184e+03 3.77526976e-01 -1.76661920e+03 1.66166156e-01 -3.59465715e-17 8.92991533e-20
ID1 1.17792908e+03 3.77515412e-01 -1.76307906e+03 1.66168063e-01 9.15163512e-03 -5.98628633e-06
ID0 1.53554887e+03 2.93961221e-01 -1.54415725e+03 2.89352051e-01 5.42653768e-17 8.92649593e-20
ID1 1.53438821e+03 2.93586852e-01 -1.54031606e+03 2.89724015e-01 2.68300884e-03 -6.43761813e-06
ID0 1.76257256e+03 1.68685503e-01 -1.19052681e+03 3.76408036e-01 1.48323371e-16 8.21565484e-20
ID1 1.76118569e+03 1.69105774e-01 -1.18650167e+03 3.76222100e-01 -3.91331217e-03 -6.35113291e-06
ID0 1.92912374e+03 1.59568587e-01 -8.01510437e+02 3.80362557e-01 2.34755935e-16 8.16428022e-20
ID1 1.92831066e+03 1.60178268e-01 -7.97724454e+02 3.80118724e-01 -1.04234156e-02 -6.36350479e-06
ID0 2.09008895e+03 1.50710200e-01 -4.10148901e+02 3.83958650e-01 3.23925804e-16 7.95052804e-20
ID1 2.08985290e+03 1.51116455e-01 -4.06585715e+02 3.83821495e-01 -1.69612179e-02 -6.28470322e-06
ID0 2.18442688e+03 2.01874999e-03 -5.97163513e-01 4.12472706e-01 4.01458172e-16 5.75825770e-20
ID1 2.18360085e+03 1.04780743e-03 3.07352738e+00 4.12505275e-01 -2.25772790e-02 -5.09504932e-06
ID0 2.09416809e+03 -1.46400780e-01 4.09890847e+02 3.85622381e-01 4.57789521e-16 3.11451741e-20
ID1 2.09277353e+03 -1.45914492e-01 4.13518550e+02 3.85842723e-01 -2.72705430e-02 -3.55718554e-06
ID0 1.93751145e+03 -1.55450369e-01 8.02996493e+02 3.82064120e-01 4.64466844e-16 2.95639184e-20
ID1 1.93679043e+03 -1.54740821e-01 8.06925873e+02 3.82392194e-01 -3.08301343e-02 -3.46213073e-06
ID0 1.77437788e+03 -1.65468653e-01 1.19494912e+03 3.79712957e-01 4.60704253e-16 2.59372177e-20
ID1 1.77431566e+03 -1.65003041e-01 1.19920583e+03 3.79960994e-01 -3.43294787e-02 -3.16868173e-06
ID0 1.55024825e+03 -2.91957007e-01 1.55220811e+03 2.93807609e-01 4.50658840e-16 -3.92554645e-21
ID1 1.54974194e+03 -2.92616633e-01 1.55617220e+03 2.93213261e-01 -3.59475700e-02 -9.30921980e-07
ID0 1.19463193e+03 -3.77776132e-01 1.77907210e+03 1.69844042e-01 4.54960597e-16 -3.02598962e-20
ID1 1.19374558e+03 -3.77743993e-01 1.78258273e+03 1.70027334e-01 -3.61871261e-02 1.17187863e-06
ID0 8.04518044e+02 -3.81649593e-01 1.94689315e+03 1.60951524e-01 5.31010765e-16 -3.20050154e-20
ID1 8.03714151e+02 -3.81563276e-01 1.95069900e+03 1.61277274e-01 -3.48553612e-02 1.31474010e-06
ID0 4.12043832e+02 -3.85346392e-01 2.10911727e+03 1.51887995e-01 4.89030092e-16 -3.62722902e-20
ID1 4.11320990e+02 -3.85310683e-01 2.11322766e+03 1.52109762e-01 -3.34456725e-02 1.63089808e-06
ID0 1.06924241e+00 -4.14195175e-01 2.20386699e+03 2.04012577e-03 4.65158830e-16 -6.54882672e-20
ID1 2.79430567e-01 -4.14245238e-01 2.20778920e+03 1.70913053e-03 -3.02018630e-02 3.75781085e-06
ID0 -4.10819877e+02 -3.86894937e-01 2.11315336e+03 -1.47898995e-01 3.65860856e-16 -8.70628392e-20
ID1 -4.11588419e+02 -3.86845174e-01 2.11677084e+03 -1.48163997e-01 -2.58355032e-02 5.34653007e-06
ID0 -8.04883196e+02 -3.83187838e-01 1.95483002e+03 -1.57254208e-01 2.89266495e-16 -8.87996362e-20
ID1 -8.05584144e+02 -3.83123523e-01 1.95816725e+03 -1.57535689e-01 -2.02365918e-02 5.48287263e-06
ID0 -1.19775627e+03 -3.80953866e-01 1.79003178e+03 -1.66954587e-01 1.95452854e-16 -9.05428787e-20
ID1 -1.19838542e+03 -3.80911449e-01 1.79310021e+03 -1.67174149e-01 -1.45890526e-02 5.61947427e-06
ID0 -1.55688696e+03 -2.96259026e-01 1.56588739e+03 -2.91942239e-01 7.98481679e-17 -1.01124543e-19
ID1 -1.55764348e+03 -2.96497252e-01 1.56904650e+03 -2.91768322e-01 -8.22429366e-03 6.44676100e-06
ID0 -1.78523795e+03 -1.68914995e-01 1.20958225e+03 -3.80088682e-01 -9.62395802e-18 -1.02373896e-19
ID1 -1.78608543e+03 -1.68460875e-01 1.21278429e+03 -3.80338743e-01 -1.51889443e-03 6.70405428e-06
ID0 -1.95149091e+03 -1.59345866e-01 8.17153580e+02 -3.84198616e-01 -1.19085674e-16 -1.02236817e-19
ID1 -1.95174664e+03 -1.58727743e-01 8.20065840e+02 -3.84497448e-01 5.39980932e-03 6.79840258e-06
ID0 -2.11206242e+03 -1.50768524e-01 4.22616261e+02 -3.87348821e-01 -2.19390087e-16 -1.00724080e-19
ID1 -2.11171746e+03 -1.50293765e-01 4.25249143e+02 -3.87567998e-01 1.24076930e-02 6.82322049e-06
ID0 -2.20811384e+03 -4.13504344e-03 1.05076856e+01 -4.15635848e-01 -3.46903448e-16 -8.40529290e-20
ID1 -2.20803577e+03 -4.71003245e-03 1.31365546e+01 -4.15655751e-01 1.88312154e-02 6.02982901e-06
ID0 -2.11836368e+03 1.49737727e-01 -4.02763349e+02 -3.87748462e-01 -4.36398349e-16 -5.91636020e-20
ID1 -2.11861231e+03 1.50137572e-01 -4.00189958e+02 -3.87613683e-01 2.46272286e-02 4.66539680e-06
ID0 -1.95777965e+03 1.59685948e-01 -7.97284788e+02 -3.83758589e-01 -5.08854776e-16 -5.64684642e-20
ID1 -1.95748607e+03 1.60256909e-01 -7.94504431e+02 -3.83533893e-01 2.92591753e-02 4.48417970e-06
ID0 -1.79069647e+03 1.68999537e-01 -1.19053262e+03 -3.81635734e-01 -5.74459645e-16 -5.25889178e-20
ID1 -1.78985672e+03 1.69444153e-01 -1.18751773e+03 -3.81443540e-01 3.37984150e-02 4.22743708e-06
ID0 -1.56598182e+03 2.92338824e-01 -1.55088899e+03 -2.97900467e-01 -5.22138436e-16 -1.65043768e-20
ID1 -1.56520574e+03 2.92110011e-01 -1.54794956e+03 -2.98124947e-01 3.65999417e-02 2.04300218e-06
ID0 -1.20900015e+03 3.81429911e-01 -1.78045126e+03 -1.69463565e-01 -4.91537694e-16 1.22789139e-20
ID1 -1.20834974e+03 3.81464596e-01 -1.77767852e+03 -1.69379373e-01 3.79739288e-02 -2.68202065e-07
ID0 -8.15359398e+02 3.85588467e-01 -1.94708378e+03 -1.59775501e-01 -4.21757756e-16 1.47732795e-20
ID1 -8.14657869e+02 3.85642088e-01 -1.94418279e+03 -1.59636163e-01 3.75015791e-02 -4.94458976e-07
ID0 -4.19353742e+02 3.89063666e-01 -2.10802131e+03 -1.51116316e-01 -5.04734072e-16 1.84079431e-20
ID1 -4.18597757e+02 3.89114826e-01 -2.10497676e+03 -1.50972629e-01 3.69548473e-02 -7.55933437e-07
ID0 -5.57206612e+00 4.17371781e-01 -2.20330005e+03 -2.73379470e-03 -4.52984518e-16 4.89223159e-20
ID1 -4.77347395e+00 4.17369922e-01 -2.20003695e+03 -2.47468396e-03 3.45551669e-02 -3.01544781e-06
ID0 4.09096327e+02 3.89831548e-01 -2.11250697e+03 1.49124248e-01 -3.60496323e-16 7.18039665e-20
ID1 4.09881987e+02 3.89929931e-01 -2.10910740e+03 1.48868735e-01 3.08584825e-02 -4.88029979e-06
ID0 8.05685853e+02 3.86078353e-01 -1.95301789e+03 1.58588091e-01 -2.66560627e-16 7.34705188e-20
ID1 8.06612216e+02 3.86232753e-01 -1.94995985e+03 1.58228777e-01 2.57493977e-02 -4.98711425e-06
ID0 1.20104506e+03 3.83712059e-01 -1.78697783e+03 1.68554845e-01 -2.21310136e-16 7.53541135e-20
ID1 1.20212643e+03 3.83815171e-01 -1.78424579e+03 1.68346719e-01 2.06261957e-02 -5.14164724e-06
ID0 1.56149561e+03 2.96942256e-01 -1.55989548e+03 2.95754927e-01 -1.74746626e-16 8.93416381e-20
ID1 1.56229018e+03 2.96413370e-01 -1.55675121e+03 2.96310177e-01 1.44763490e-02 -6.32979483e-06
ID0 1.79045574e+03 1.71852610e-01 -1.20055673e+03 3.82246466e-01 -7.52246012e-17 9.56866884e-20
ID1 1.79090248e+03 1.72243889e-01 -1.19712118e+03 3.82095706e-01 7.79154765e-03 -6.90536500e-06
ID0 1.96001894e+03 1.62928278e-01 -8.06535246e+02 3.86134764e-01 1.06902323e-17 9.59698817e-20
ID1 1.96101143e+03 1.63513022e-01 -8.03310228e+02 3.85918241e-01 6.93495421e-04 -6.94339720e-06
ID0 2.12388758e+03 1.53480732e-01 -4.10112474e+02 3.89986339e-01 1.05056020e-16 9.51040432e-20
ID1 2.12542533e+03 1.53853727e-01 -4.07084457e+02 3.89875765e-01 -6.41187387e-03 -6.90577150e-06
ID0 2.21783964e+03 -9.96127304e-05 5.33219365e+00 4.19101026e-01 1.97098146e-16 8.66782126e-20
ID1 2.21881058e+03 -9.85128465e-04 8.47611226e+00 4.19138430e-01 -1.30929458e-02 -6.38099067e-06
ID0 2.12498937e+03 -1.48824435e-01 4.21208181e+02 3.91786891e-01 2.78097028e-16 7.25260611e-20
ID1 2.12540200e+03 -1.48558819e-01 4.24305072e+02 3.91931708e-01 -1.93320861e-02 -5.44824917e-06
ID0 1.96626495e+03 -1.57832089e-01 8.19719458e+02 3.88245685e-01 3.36885805e-16 7.12141019e-20
ID1 1.96707779e+03 -1.57403155e-01 8.23015504e+02 3.88466707e-01 -2.48513036e-02 -5.39691309e-06
ID0 1.80097016e+03 -1.68241662e-01 1.21702865e+03 3.85741291e-01 4.12865248e-16 6.70089359e-20
ID1 1.80217840e+03 -1.67969658e-01 1.22054252e+03 3.85912025e-01 -3.03197134e-02 -5.09112552e-06
ID0 1.57274816e+03 -2.97614997e-01 1.57844922e+03 2.97534728e-01 4.75899227e-16 3.94686269e-20
ID1 1.57366915e+03 -2.98030172e-01 1.58179672e+03 2.97188681e-01 -3.39683039e-02 -3.03635943e-06
ID0 1.21172690e+03 -3.84120014e-01 1.80756874e+03 1.71911070e-01 5.97699679e-16 8.05353063e-21
ID1 1.21237930e+03 -3.84197821e-01 1.81060266e+03 1.71859243e-01 -3.64790857e-02 -1.09407813e-06
ID0 8.16007167e+02 -3.88045216e-01 1.97699741e+03 1.62857333e-01 5.76440169e-16 5.01155276e-21
ID1 8.16605829e+02 -3.88098916e-01 1.98001628e+03 1.62858405e-01 -3.74329050e-02 -9.00765052e-07
ID0 4.17899661e+02 -3.91790708e-01 2.14073659e+03 1.53628259e-01 5.82885360e-16 -9.88031372e-22
ID1 4.18449953e+02 -3.91846186e-01 2.14375170e+03 1.53622967e-01 -3.82696452e-02 -4.92525085e-07
ID0 1.12246572e+00 -4.20832321e-01 2.23588527e+03 1.32606123e-03 5.57985620e-16 -3.98967378e-20
ID1 1.62759891e+00 -4.20881398e-01 2.23889872e+03 1.32727489e-03 -3.68747074e-02 2.01275775e-06
ID0 -4.16238197e+02 -3.92751236e-01 2.14333214e+03 -1.51155773e-01 5.34432938e-16 -6.77968386e-20
ID1 -4.15737978e+02 -3.92647636e-01 2.14624039e+03 -1.51556497e-01 -3.42814502e-02 3.88583954e-06
ID0 -8.15269805e+02 -3.88914468e-01 1.98186020e+03 -1.60770450e-01 4.57647987e-16 -7.09508078e-20
ID1 -8.14623693e+02 -3.88765238e-01 1.98430166e+03 -1.61249186e-01 -3.01239139e-02 4.10144173e-06
ID0 -1.21303109e+03 -3.86626955e-01 1.81384401e+03 -1.70546181e-01 3.46336756e-16 -7.44595775e-20
ID1 -1.21222630e+03 -3.86510649e-01 1.81582989e+03 -1.70918381e-01 -2.58769690e-02 4.35404686e-06
ID0 -1.57653525e+03 -3.00484383e-01 1.58585070e+03 -2.97111995e-01 2.33076745e-16 -9.57789067e-20
ID1 -1.57585534e+03 -3.00750238e-01 1.58791921e+03 -2.96901338e-01 -2.02521940e-02 5.93030197e-06
ID0 -1.80753663e+03 -1.70994087e-01 1.22442615e+03 -3.86429067e-01 1.10917989e-16 -1.03142528e-19
ID1 -1.80698212e+03 -1.70593940e-01 1.22656655e+03 -3.86645665e-01 -1.39323263e-02 6.81514215e-06
ID0 -1.97536685e+03 -1.61212748e-01 8.26390428e+02 -3.90610870e-01 -1.93155770e-18 -1.03741432e-19
ID1 -1.97428905e+03 -1.60664510e-01 8.28279205e+02 -3.90870007e-01 -6.87587657e-03 6.93730147e-06
ID0 -2.13741146e+03 -1.52438435e-01 4.26232138e+02 -3.93794620e-01 -1.14622130e-16 -1.02889064e-19
ID1 -2.13579762e+03 -1.51997551e-01 4.27876565e+02 -3.93991267e-01 2.57601221e-04 7.03125006e-06
ID0 -2.23346484e+03 -2.87129832e-03 8.27340514e+00 -4.22259914e-01 -2.10627375e-16 -9.39977371e-20
ID1 -2.23192600e+03 -3.14529474e-03 9.88939712e+00 -4.22276125e-01 7.42593241e-03 7.04073694e-06
ID0 -2.14163847e+03 1.52281348e-01 -4.10437243e+02 -3.93855392e-01 -3.11668411e-16 -7.83131420e-20
ID1 -2.14024567e+03 1.52491755e-01 -4.08849865e+02 -3.93788111e-01 1.45231569e-02 6.52293791e-06
ID0 -1.97883907e+03 1.62227868e-01 -8.10274373e+02 -3.89863820e-01 -4.01568183e-16 -7.61593916e-20
ID1 -1.97717165e+03 1.62517651e-01 -8.08585076e+02 -3.89752517e-01 2.11880910e-02 6.60255199e-06
ID0 -1.80945398e+03 1.71920112e-01 -1.20878888e+03 -3.87577240e-01 -4.41143302e-16 -7.22781722e-20
ID1 -1.80749756e+03 1.72185162e-01 -1.20697930e+03 -3.87462804e-01 2.79677298e-02 6.49182319e-06
ID0 -1.58021922e+03 2.98535473e-01 -1.57297253e+03 -3.01080078e-01 -4.76338504e-16 -4.38247593e-20
ID1 -1.57809031e+03 2.98658139e-01 -1.57106123e+03 -3.00960977e-01 3.32630015e-02 4.66857426e-06
ID0 -1.21760897e+03 3.87366526e-01 -1.80448955e+03 -1.72394363e-01 -5.49821167e-16 -1.47872554e-20
ID1 -1.21540910e+03 3.87334621e-01 -1.80248777e+03 -1.72477322e-01 3.74520427e-02 2.66475717e-06
ID0 -8.18894046e+02 3.91450492e-01 -1.97388505e+03 -1.62908423e-01 -5.42413689e-16 -1.15554472e-20
ID1 -8.16742390e+02 3.91401286e-01 -1.97201235e+03 -1.63051002e-01 3.99960938e-02 2.46147043e-06
ID0 -4.17771070e+02 3.95159857e-01 -2.13749884e+03 -1.53692320e-01 -5.00357938e-16 -6.44253486e-21
ID1 -4.15657411e+02 3.95161289e-01 -2.13574603e+03 -1.53728669e-01 4.24314979e-02 2.04217684e-06
ID0 1.92900994e+00 4.23995999e-01 -2.23207361e+03 -1.86684977e-04 -4.48495608e-16 2.49305907e-20
ID1 4.14366970e+00 4.24016615e-01 -2.22982318e+03 5.12755214e-04 4.24614492e-02 -6.79978190e-07
ID0 4.21932676e+02 3.96167745e-01 -2.13846908e+03 1.51075344e-01 -4.73669013e-16 5.10866064e-20
ID1 4.24107115e+02 3.96303530e-01 -2.13578320e+03 1.50795730e-01 4.10762372e-02 -2.91545967e-06
ID0 8.24147800e+02 3.92526875e-01 -1.97755897e+03 1.60297517e-01 -3.55359930e-16 5.34601872e-20
ID1 8.26514920e+02 3.92741993e-01 -1.97528482e+03 1.59855795e-01 3.79251229e-02 -3.11396602e-06
ID0 1.22510872e+03 3.89933267e-01 -1.81000294e+03 1.70860719e-01 -3.13425897e-16 5.71276014e-20
ID1 1.22767460e+03 3.90072162e-01 -1.80812418e+03 1.70635084e-01 3.46598775e-02 -3.52604134e-06
ID0 1.58934978e+03 2.99996117e-01 -1.57841406e+03 3.02065667e-01 -2.62798680e-16 7.66374693e-20
ID1 1.59154857e+03 2.99341745e-01 -1.57597255e+03 3.02771530e-01 2.93592366e-02 -5.71923092e-06
ID0 1.82013462e+03 1.74518605e-01 -1.21337990e+03 3.88309920e-01 -1.40467760e-16 8.56653849e-20
ID1 1.82189248e+03 1.74897665e-01 -1.21056053e+03 3.88186785e-01 2.31230835e-02 -6.97347434e-06
ID0 1.99211082e+03 1.65702887e-01 -8.14140956e+02 3.92152892e-01 -6.05761473e-17 8.63060058e-20
ID1 1.99439884e+03 1.66273135e-01 -8.11508304e+02 3.91960701e-01 1.59278585e-02 -7.05096938e-06
ID0 2.15831512e+03 1.55852468e-01 -4.12466769e+02 3.96170854e-01 4.52241352e-17 8.60343517e-20
ID1 2.16113330e+03 1.56222140e-01 -4.10010856e+02 3.96076405e-01 8.71067746e-03 -7.16157853e-06
ID0 2.25223299e+03 -1.60432805e-03 8.78318096e+00 4.25721463e-01 1.27174564e-16 8.17060840e-20
ID1 2.25461096e+03 -2.30714810e-03 1.13430650e+01 4.25767807e-01 1.02672868e-03 -7.62754811e-06
ID0 2.15704232e+03 -1.51799570e-01 4.30013479e+02 3.97741409e-01 2.07839758e-16 7.28351401e-20
ID1 2.15895549e+03 -1.51671744e-01 4.32543181e+02 3.97844619e-01 -6.71604049e-03 -7.44342738e-06
ID0 1.99560175e+03 -1.60889509e-01 8.33627452e+02 3.94152133e-01 2.83135303e-16 7.16269116e-20
ID1 1.99773474e+03 -1.60649072e-01 8.36293052e+02 3.94306105e-01 -1.43155614e-02 -7.46825598e-06
ID0 1.82753932e+03 -1.71453009e-01 1.23599580e+03 3.91575741e-01 3.50442621e-16 6.74821798e-20
ID1 1.82989999e+03 -1.71282349e-01 1.23881168e+03 3.91710622e-01 -2.19173736e-02 -7.27254279e-06
ID0 1.59556054e+03 -3.02817325e-01 1.60178210e+03 3.01710727e-01 4.13673246e-16 4.18464319e-20
ID1 1.59785784e+03 -3.02950903e-01 1.60459989e+03 3.01654382e-01 -2.81107504e-02 -5.68309794e-06
ID0 1.22937853e+03 -3.90589119e-01 1.83339518e+03 1.73688905e-01 4.32582268e-16 2.22878568e-20
ID1 1.23155245e+03 -3.90742554e-01 1.83609724e+03 1.73475525e-01 -3.35272567e-02 -4.23696912e-06
ID0 8.27942622e+02 -3.94590064e-01 2.00405956e+03 1.64397010e-01 4.66908106e-16 1.96118170e-20
ID1 8.29961796e+02 -3.94750382e-01 2.00651359e+03 1.64146989e-01 -3.76818199e-02 -4.03424912e-06
ID0 4.24105984e+02 -3.98327123e-01 2.16896364e+03 1.55123173e-01 4.66445511e-16 1.40851458e-20
ID1 4.25980424e+02 -3.98444397e-01 2.17118003e+03 1.54960256e-01 -4.17018754e-02 -3.56924877e-06
ID0 1.57856846e+00 -4.27465835e-01 2.26461173e+03 8.09770859e-04 5.46374078e-16 -1.77201804e-20
ID1 3.44705231e+00 -4.27512806e-01 2.26708707e+03 1.22213286e-03 -4.31071287e-02 -6.21801494e-07
ID0 -4.21235272e+02 -3.98633975e-01 2.17035804e+03 -1.54332918e-01 5.37053489e-16 -4.22949761e-20
ID1 -4.19412861e+02 -3.98487987e-01 2.17300479e+03 -1.54830918e-01 -4.32365051e-02 1.37058124e-06
ID0 -8.25241284e+02 -3.94690281e-01 2.00587245e+03 -1.64156261e-01 5.64295064e-16 -4.60119607e-20
ID1 -8.23202250e+02 -3.94460356e-01 2.00789425e+03 -1.64809389e-01 -4.15733500e-02 1.69864553e-06
ID0 -1.22790860e+03 -3.92336956e-01 1.83478674e+03 -1.74035698e-01 4.45906260e-16 -5.11083652e-20
ID1 -1.22562938e+03 -3.92156503e-01 1.83619315e+03 -1.74524639e-01 -3.97423796e-02 2.13034781e-06
ID0 -1.59562769e+03 -3.04465286e-01 1.60281130e+03 -3.02518761e-01 3.80513531e-16 -7.91460312e-20
ID1 -1.59353939e+03 -3.04870127e-01 1.60440199e+03 -3.02150812e-01 -3.56003281e-02 4.76571538e-06
ID0 -1.82910727e+03 -1.73408878e-01 1.23618437e+03 -3.92614407e-01 3.44174607e-16 -9.60906956e-20
ID1 -1.82726243e+03 -1.73011946e-01 1.23794450e+03 -3.92814675e-01 -3.03342789e-02 6.31229631e-06
ID0 -1.99897537e+03 -1.63592076e-01 8.32785741e+02 -3.96805171e-01 2.64035860e-16 -9.85548576e-20
ID1 -1.99659604e+03 -1.63025562e-01 8.34302244e+02 -3.97058058e-01 -2.37099771e-02 6.54479220e-06
ID0 -2.16297868e+03 -1.54505351e-01 4.27252338e+02 -4.00083164e-01 1.28587195e-16 -1.00180552e-19
ID1 -2.16004417e+03 -1.54039764e-01 4.28529342e+02 -4.00278848e-01 -1.69734960e-02 6.77111130e-06
ID0 -2.25878754e+03 -1.11094867e-03 3.46767307e+00 -4.28879012e-01 4.62677167e-17 -1.07644321e-19
ID1 -2.25583413e+03 -1.25275989e-03 4.70635043e+00 -4.28890347e-01 -9.28010773e-03 7.82586701e-06
ID0 -2.16461658e+03 1.54421435e-01 -4.20609330e+02 -4.00115561e-01 -5.76760309e-17 -1.06136709e-19
ID1 -2.16172944e+03 1.54539023e-01 -4.19385674e+02 -4.00081747e-01 -1.21660480e-03 8.04530550e-06
ID0 -2.00016005e+03 1.64193126e-01 -8.25943109e+02 -3.96205829e-01 -1.62561926e-16 -1.05626856e-19
ID1 -1.99713085e+03 1.64340907e-01 -8.24672137e+02 -3.96157348e-01 7.01327326e-03 8.08957432e-06
ID0 -1.82904774e+03 1.74367141e-01 -1.22993166e+03 -3.93727832e-01 -2.55144201e-16 -1.02963838e-19
ID1 -1.82585719e+03 1.74557247e-01 -1.22860484e+03 -3.93655718e-01 1.52486890e-02 7.97146949e-06
ID0 -1.59541247e+03 3.04751413e-01 -1.59794050e+03 -3.04223736e-01 -3.45161917e-16 -8.45530998e-20
ID1 -1.59183808e+03 3.05147324e-01 -1.59636881e+03 -3.03849167e-01 2.25397434e-02 6.89563134e-06
ID0 -1.22722414e+03 3.93225687e-01 -1.83142173e+03 -1.75496623e-01 -4.12772476e-16 -6.62869311e-20
ID1 -1.22343416e+03 3.93134178e-01 -1.82959431e+03 -1.75760663e-01 2.92366847e-02 5.64602392e-06
ID0 -8.23559008e+02 3.97223515e-01 -2.00376331e+03 -1.66249767e-01 -4.81816693e-16 -6.37848549e-20
ID1 -8.19904370e+02 3.97085132e-01 -2.00231412e+03 -1.66661460e-01 3.48827758e-02 5.53478441e-06
ID0 -4.17449765e+02 4.01156061e-01 -2.17026217e+03 -1.56522587e-01 -5.67980638e-16 -5.68479684e-20
ID1 -4.13913416e+02 4.01120154e-01 -2.16917943e+03 -1.56720553e-01 4.04425368e-02 5.06343724e-06
ID0 8.02230975e+00 4.30607027e-01 -2.26461991e+03 1.75899993e-03 -5.08323230e-16 -1.74067073e-20
ID1 1.17197977e+01 4.30645477e-01 -2.26277858e+03 2.83203453e-03 4.33967728e-02 2.22529103e-06
ID0 4.33339992e+02 4.02326108e-01 -2.16850559e+03 1.53490092e-01 -6.37551413e-16 9.37403753e-21
ID1 4.36999257e+02 4.02580231e-01 -2.16605426e+03 1.52956679e-01 4.50960967e-02 2.49697598e-07
ID0 8.40906647e+02 3.98727646e-01 -2.00560381e+03 1.62609254e-01 -6.71741260e-16 1.30794806e-20
ID1 8.44901607e+02 3.99094695e-01 -2.00387873e+03 1.61841957e-01 4.51412455e-02 -1.38850726e-08
ID0 1.24718986e+03 3.96005534e-01 -1.83600537e+03 1.73506981e-01 -6.64042350e-16 2.21970115e-20
ID1 1.25153266e+03 3.96269631e-01 -1.83498417e+03 1.73039889e-01 4.49730966e-02 -6.83453082e-07
ID0 1.61565416e+03 3.03883099e-01 -1.60057143e+03 3.07538806e-01 -5.82803903e-16 6.88261338e-20
ID1 1.61963555e+03 3.03191060e-01 -1.59899258e+03 3.08301575e-01 4.17668502e-02 -3.87217145e-06
ID0 1.84875762e+03 1.76628733e-01 -1.23028112e+03 3.94623043e-01 -4.97546404e-16 8.92369247e-20
ID1 1.85228057e+03 1.77053286e-01 -1.22829437e+03 3.94497407e-01 3.73985067e-02 -5.40236986e-06
ID0 2.02239539e+03 1.67706678e-01 -8.25546308e+02 3.98496581e-01 -4.10437631e-16 9.19527015e-20
ID1 2.02649964e+03 1.68331668e-01 -8.23753313e+02 3.98298417e-01 3.17367315e-02 -5.59998185e-06
ID0 2.19021786e+03 1.57773842e-01 -4.18367616e+02 4.02532570e-01 -3.19822257e-16 9.67958670e-20
ID1 2.19491508e+03 1.58237062e-01 -4.16763437e+02 4.02416497e-01 2.59324121e-02 -6.01565200e-06
ID0 2.28491343e+03 -1.89014691e-03 8.52154717e+00 4.32344171e-01 -2.02994922e-16 1.18910185e-19
ID1 2.28944833e+03 -2.25693903e-03 1.01872233e+01 4.32404050e-01 1.83580824e-02 -7.85687073e-06
ID0 2.18811710e+03 -1.55170293e-01 4.35169298e+02 4.03543350e-01 -9.49788050e-17 1.23642488e-19
ID1 2.19235119e+03 -1.55284518e-01 4.36829902e+02 4.03565089e-01 1.02298133e-02 -8.32852925e-06
ID0 2.02344436e+03 -1.64505862e-01 8.43633165e+02 3.99828559e-01 3.34590945e-17 1.24106772e-19
ID1 2.02758870e+03 -1.64590511e-01 8.45314006e+02 3.99859144e-01 1.68697286e-03 -8.41209849e-06
ID0 1.85213387e+03 -1.75008006e-01 1.25078862e+03 3.97253502e-01 1.59077524e-16 1.22357086e-19
ID1 1.85621118e+03 -1.75033820e-01 1.25249575e+03 3.97311054e-01 -6.89344310e-03 -8.39924082e-06
ID0 1.61677143e+03 -3.07534327e-01 1.62116594e+03 3.06367075e-01 2.79919330e-16 1.08396749e-19
ID1 1.62110105e+03 -3.07250761e-01 1.62311492e+03 3.06738270e-01 -1.49792750e-02 -7.81058561e-06
ID0 1.24574899e+03 -3.97019719e-01 1.85565485e+03 1.75537716e-01 3.68845391e-16 9.50422119e-20
ID1 1.25017090e+03 -3.97296282e-01 1.85777988e+03 1.75054806e-01 -2.27943978e-02 -7.11020416e-06
ID0 8.38665160e+02 -4.01107001e-01 2.02759440e+03 1.65985905e-01 4.53496304e-16 9.23886207e-20
ID1 8.42768504e+02 -4.01440114e-01 2.02908575e+03 1.65319259e-01 -2.99445055e-02 -7.02594992e-06
ID0 4.29169768e+02 -4.04833142e-01 2.19371077e+03 1.56678888e-01 5.43162020e-16 8.58785832e-20
ID1 4.32970522e+02 -4.05060106e-01 2.19457215e+03 1.56226050e-01 -3.70308535e-02 -6.64519331e-06
ID0 9.43463803e-01 -4.34094540e-01 2.28986431e+03 2.77389651e-04 5.59795459e-16 4.59653206e-20
ID1 4.77892892e+00 -4.34135859e-01 2.29127823e+03 1.19796244e-03 -4.16553941e-02 -3.81558024e-06
ID0 -4.27314907e+02 -4.04681071e-01 2.19400341e+03 -1.57071250e-01 7.09902973e-16 1.92932693e-20
ID1 -4.23569240e+02 -4.04459267e-01 2.19591879e+03 -1.57743245e-01 -4.51505560e-02 -2.08821572e-06
ID0 -8.36475818e+02 -4.00698520e-01 2.02706822e+03 -1.66969588e-01 7.09194685e-16 1.39951416e-20
ID1 -8.32399170e+02 -4.00341191e-01 2.02809911e+03 -1.67905431e-01 -4.69941834e-02 -1.73685126e-06
ID0 -1.24425230e+03 -3.98240801e-01 1.85348297e+03 -1.77071804e-01 7.08464962e-16 5.31410690e-21
ID1 -1.23981846e+03 -3.97952237e-01 1.85362846e+03 -1.77775589e-01 -4.86337674e-02 -1.17533089e-06
ID0 -1.61606922e+03 -3.08214735e-01 1.61748215e+03 -3.08145804e-01 6.19896886e-16 -4.53106871e-20
ID1 -1.61183213e+03 -3.08673028e-01 1.61781776e+03 -3.07712398e-01 -4.71896972e-02 2.33732548e-06
ID0 -1.85192552e+03 -1.76324548e-01 1.24560937e+03 -3.98572218e-01 5.34519509e-16 -6.72356174e-20
ID1 -1.84797987e+03 -1.75964289e-01 1.24615579e+03 -3.98747834e-01 -4.43710289e-02 4.17162390e-06
ID0 -2.02446561e+03 -1.66658647e-01 8.37164704e+02 -4.02709641e-01 4.57705935e-16 -7.07876741e-20
ID1 -2.02002758e+03 -1.66134057e-01 8.37490807e+02 -4.02940585e-01 -3.98650709e-02 4.49912918e-06
ID0 -2.19108848e+03 -1.57150260e-01 4.26575008e+02 -4.06142500e-01 4.22547285e-16 -7.63117374e-20
ID1 -2.18612945e+03 -1.56684346e-01 4.26676766e+02 -4.06339343e-01 -3.51788732e-02 4.95949364e-06
ID0 -2.28676098e+03 6.93797611e-04 -2.93721927e+00 -4.35485307e-01 3.57165809e-16 -1.04167956e-19
ID1 -2.28153289e+03 8.95735878e-04 -2.91950851e+00 -4.35501134e-01 -2.82773759e-02 7.37631974e-06
ID0 -2.19025997e+03 1.56438383e-01 -4.32340555e+02 -4.06417232e-01 2.48572302e-16 -1.14908682e-19
ID1 -2.18494061e+03 1.56220245e-01 -4.32333271e+02 -4.06522431e-01 -2.05486005e-02 8.25669924e-06
ID0 -2.02431868e+03 1.65987573e-01 -8.43190941e+02 -4.02611550e-01 1.23466881e-16 -1.16384169e-19
ID1 -2.01928426e+03 1.65688270e-01 -8.43319071e+02 -4.02760948e-01 -1.20547089e-02 8.36561072e-06
ID0 -1.85167589e+03 1.76615096e-01 -1.25268679e+03 -3.99963092e-01 -6.66111118e-18 -1.16684869e-19
ID1 -1.84689340e+03 1.76511990e-01 -1.25295532e+03 -4.00036520e-01 -3.52707671e-03 8.43888756e-06
ID0 -1.61401503e+03 3.10596664e-01 -1.62471538e+03 -3.07722407e-01 -1.22196511e-16 -1.14146674e-19
ID1 -1.60856904e+03 3.11383925e-01 -1.62453943e+03 -3.06968498e-01 5.14607260e-03 8.54972722e-06
ID0 -1.24042942e+03 3.99310231e-01 -1.86028570e+03 -1.78086234e-01 -2.39872056e-16 -1.06621250e-19
ID1 -1.23460490e+03 3.99021210e-01 -1.85968180e+03 -1.78814953e-01 1.37356731e-02 8.13779970e-06
ID0 -8.31586409e+02 4.03263464e-01 -2.03492704e+03 -1.68943617e-01 -3.52418081e-16 -1.04991452e-19
ID1 -8.26137039e+02 4.02878395e-01 -2.03527652e+03 -1.69955665e-01 2.19576566e-02 8.08430358e-06
ID0 -4.20284916e+02 4.07310337e-01 -2.20369332e+03 -1.58939160e-01 -4.78513969e-16 -9.84459746e-20
ID1 -4.15186720e+02 4.07101337e-01 -2.20498238e+03 -1.59587768e-01 3.01197433e-02 7.71062890e-06
ID0 1.08201508e+01 4.37214368e-01 -2.29849576e+03 2.63893758e-03 -5.64597992e-16 -5.91585080e-20
ID1 1.60728509e+01 4.37249675e-01 -2.29894167e+03 3.96561065e-03 3.60919416e-02 5.36057337e-06
ID0 4.41473809e+02 4.08253031e-01 -2.20044859e+03 1.56501853e-01 -6.31967208e-16 -3.81182325e-20
ID1 4.46672017e+02 4.08564323e-01 -2.20015276e+03 1.55821490e-01 4.12239770e-02 4.05417726e-06
ID0 8.54046554e+02 4.04602666e-01 -2.03481040e+03 1.65710741e-01 -7.18192913e-16 -3.42570544e-20
ID1 8.59655054e+02 4.05049788e-01 -2.03542637e+03 1.64746822e-01 4.51719170e-02 3.83919812e-06
ID0 1.26529605e+03 4.01857191e-01 -1.86247098e+03 1.76643317e-01 -7.58882685e-16 -2.29954721e-20
ID1 1.27134686e+03 4.02210272e-01 -1.86398485e+03 1.75974365e-01 4.89052479e-02 3.07947276e-06
ID0 1.63834685e+03 3.08495727e-01 -1.62374983e+03 3.12285846e-01 -7.17952779e-16 3.63225428e-20
ID1 1.64419468e+03 3.08021943e-01 -1.62494992e+03 3.12831009e-01 4.89821571e-02 -7.80255036e-07
ID0 1.87420502e+03 1.78301161e-01 -1.24859527e+03 4.01124369e-01 -6.81133316e-16 5.85482110e-20
ID1 1.87969099e+03 1.78458670e-01 -1.24947654e+03 4.01115130e-01 4.78283676e-02 -2.30517630e-06
ID0 2.04892767e+03 1.69122387e-01 -8.38169359e+02 4.05079846e-01 -6.32001801e-16 6.27800234e-20
ID1 2.05465726e+03 1.69393654e-01 -8.39102830e+02 4.05026492e-01 4.52548837e-02 -2.60147976e-06
ID0 2.21780289e+03 1.59270797e-01 -4.25304131e+02 4.09053635e-01 -6.10406960e-16 7.20362134e-20
ID1 2.22380422e+03 1.59542981e-01 -4.26298038e+02 4.09006612e-01 4.24501068e-02 -3.27383623e-06
# Restart at integration step 1900
ID1 2.04797835e+03 1.69239109e-01 -8.36556748e+02 4.04932701e-01 -2.09972267e-01 -2.41126314e-04
ID0 2.05465726e+03 1.69122387e-01 -8.39102830e+02 4.05079846e-01 4.52548837e-02 6.26804381e-20
ID1 2.21695608e+03 1.59299527e-01 -4.23816989e+02 4.08945643e-01 -4.54042705e-01 -2.35671624e-04
ID0 2.22353017e+03 1.59266981e-01 -4.26236672e+02 4.09055121e-01 4.50928074e-02 -6.90758892e-07
# Restart at integration step 1900
ID1 2.04797835e+03 1.69239109e-01 -8.36556748e+02 4.04932701e-01 -2.09972267e-01 -2.41126314e-04
ID0 2.05465726e+03 1.69122387e-01 -8.39102830e+02 4.05079846e-01 4.52548837e-02 6.26804381e-20
ID1 2.21695608e+03 1.59299527e-01 -4.23816989e+02 4.08945643e-01 -4.54042705e-01 -2.35671624e-04
ID0 2.22353017e+03 1.59266981e-01 -4.26236672e+02 4.09055121e-01 4.50928074e-02 -6.90758892e-07
# Restart at integration step 1900
ID0 2.05465726e+03 1.69122387e-01 -8.39102830e+02 4.05079846e-01 4.52548837e-02 6.26804381e-20
ID1 2.04797835e+03 1.69239109e-01 -8.36556748e+02 4.04932701e-01 -2.09972267e-01 -2.41126314e-04
ID1 2.21695608e+03 1.59299527e-01 -4.23816989e+02 4.08945643e-01 -4.54042705e-01 -2.35671624e-04
ID0 2.22353017e+03 1.59266981e-01 -4.26236672e+02 4.09055121e-01 4.50928074e-02 -6.90758892e-07
# Restart at integration step 1900
ID0 2.05465726e+03 1.69122387e-01 -8.39102830e+02 4.05079846e-01 4.52548837e-02 6.26804381e-20
ID1 2.04797835e+03 1.69239109e-01 -8.36556748e+02 4.04932701e-01 -2.09972267e-01 -2.41126314e-04
ID1 2.21695608e+03 1.59299527e-01 -4.23816989e+02 4.08945643e-01 -4.54042705e-01 -2.35671624e-04
ID0 2.22353017e+03 1.59266981e-01 -4.26236672e+02 4.09055121e-01 4.50928074e-02 -6.90758892e-07
# Restart at integration step 1900
ID0 2.05465726e+03 1.69122387e-01 -8.39102830e+02 4.05079846e-01 4.52548837e-02 6.26804381e-20
ID1 2.04797835e+03 1.69239109e-01 -8.36556748e+02 4.04932701e-01 -2.09972267e-01 -2.41126314e-04
ID0 2.22353017e+03 1.59266981e-01 -4.26236672e+02 4.09055121e-01 4.50928074e-02 -6.90758892e-07
ID1 2.21695608e+03 1.59299527e-01 -4.23816989e+02 4.08945643e-01 -4.54042705e-01 -2.35671624e-04
# Restart at integration step 1900
ID0 2.05465726e+03 1.69122387e-01 -8.39102830e+02 4.05079846e-01 4.52548837e-02 6.26804381e-20
ID1 2.04797835e+03 1.69239109e-01 -8.36556748e+02 4.04932701e-01 -2.09972267e-01 -2.41126314e-04
ID0 2.22353017e+03 1.59266981e-01 -4.26236672e+02 4.09055121e-01 4.50928074e-02 -6.90758892e-07
ID1 2.21695608e+03 1.59299527e-01 -4.23816989e+02 4.08945643e-01 -4.54042705e-01 -2.35671624e-04
# Restart at integration step 1900
