DISTRIB1: DISTRIBUTION,
SIGMAX = 1.74875e-03, SIGMAPX = 5.07241e-03*gambet,
SIGMAY = 1.26568e-03, SIGMAPY = 6.26581e-03*gambet,
SIGMAZ = 106.36237e-03, SIGMAPZ = 4.14427e-03*gambet,
CORRX = -0.77187, CORRY = -0.18546, CORRZ = 0.00000,
R51 = 0.10771, R52 = -0.03248, R61 = 0.10761, R62 = -0.03259,
OFFSETX = 0.000000, OFFSETY = 0.000000, OFFSETZ = 36.426950, 
DISTRIBUTION = GAUSS, INPUTMOUNITS = NONE;

DISTRIB2: DISTRIBUTION, DISTRIBUTION = FROMFILE, 
FNAME = "Sample_LG2.dat"; 
